implementation <8,8>
states = 3;
inputs = 1;
outputs = 1;
A = [1.001,0.001,-1.686e-05;1.867,1.001,-0.03349;0,0,0.9585] 
B = [-1.2e-08;3.587e-05;0.002083] 
C = [1,0,0] 
D = [0] 
inputs = [-10,10] 
