implementation <8,8>
range [1,-1]
states = 5;
inputs = 1;
outputs = 1;
A = [3.2769,-1.2111,1.0607,-0.52951,0.44345;4,0,0,0,0;0,1,0,0,0;0,0,1,0,0;0,0,0,0.25,0] 
B = [0.0625;0;0;0;0] 
C = [0.063559,-0.0078177,-0.00041472,0.015477,-0.022118] 
D = [0] 
inputs = [1,-1] 
