range [1,-1]
states = 6;
inputs = 1;
outputs = 1;
A = [4.4738,-2.1401,1.1326,-0.70192,0.48012,-0.27943;4,0,0,0,0,0;0,2,0,0,0,0;0,0,1,0,0,0;0,0,0,0.5,0,0;0,0,0,0,0.25,0] 
B = [0.00024414;0;0;0;0;0] 
C = [8.5987e-06,4.2456e-05,2.4443e-05,-2.8589e-05,-2.7197e-05,-3.6148e-06] 
D = [0] 
inputs = [-10000,10000] 
Ts = 0.05; 
