implementation <8,8>
range [1,-1]
states = 6;
inputs = 1;
outputs = 1;
A = [4.4738,-2.1401,1.1326,-0.70192,0.24006,-0.13972;4,0,0,0,0,0;0,2,0,0,0,0;0,0,1,0,0,0;0,0,0,1,0,0;0,0,0,0,0.25,0] 
B = [0.00012207;0;0;0;0;0] 
C = [1.7197e-05,8.4911e-05,4.8886e-05,-5.7178e-05,-2.7197e-05,-3.6148e-06] 
D = [0] 
inputs = [1,-1] 
