implementation <8,8>
range [1,-1]
states = 6;
inputs = 1;
outputs = 1;
A = [1.5036,0.12107,-0.6991,0.014361,0.13227,-0.097548;1,0,0,0,0,0;0,1,0,0,0,0;0,0,1,0,0,0;0,0,0,0.5,0,0;0,0,0,0,0.125,0] 
B = [0.0039062;0;0;0;0;0] 
C = [0.00025321,0.0017233,6.3664e-05,-0.00096216,-0.00060948,-0.00012727] 
D = [0] 
inputs = [1,-1] 
