implementation <8,8>
range [1,-1]
states = 6;
inputs = 1;
outputs = 1;
A = [2.8944,-0.85925,0.64616,-0.37851,0.27503,-0.15616;4,0,0,0,0,0;0,1,0,0,0,0;0,0,1,0,0,0;0,0,0,0.5,0,0;0,0,0,0,0.25,0] 
B = [0.00097656;0;0;0;0;0] 
C = [5.4223e-05,0.00020042,0.00015142,-0.00021694,-0.00016517,-1.9176e-05] 
D = [0] 
inputs = [1,-1] 
