implementation <8,8>
range [1,-1]
states = 6;
inputs = 1;
outputs = 1;
A = [5.8691,-3.5893,2.3422,-0.85999,0.33693,-0.22007;4,0,0,0,0,0;0,2,0,0,0,0;0,0,2,0,0,0;0,0,0,1,0,0;0,0,0,0,0.25,0] 
B = [4.7684e-07;0;0;0;0;0] 
C = [5.3504e-08,3.2736e-07,2.5412e-07,-1.2899e-07,-7.8269e-08,-1.2265e-08] 
D = [0] 
inputs = [1,-1] 
