implementation <8,8>
range [1,-1]
states = 6;
inputs = 1;
outputs = 1;
A = [5.9744,-3.7181,2.4682,-0.92165,0.3671,-0.24371;4,0,0,0,0,0;0,2,0,0,0,0;0,0,2,0,0,0;0,0,0,1,0,0;0,0,0,0,0.25,0] 
B = [1.4901e-08;0;0;0;0;0] 
C = [5.5696e-10,3.4663e-09,2.7566e-09,-1.3824e-09,-8.5889e-10,-1.3685e-10] 
D = [0] 
inputs = [1,-1] 
