implementation <8,8>
range [1,-1]
states = 6;
inputs = 1;
outputs = 1;
A = [-0.55847,0.53024,0.81679,0.087248,-0.35117,-0.60774;2,0,0,0,0,0;0,1,0,0,0,0;0,0,1,0,0,0;0,0,0,1,0,0;0,0,0,0,0.5,0] 
B = [1;0;0;0;0;0] 
C = [0.17068,0.34996,0.56452,0.49595,0.24775,0.1063] 
D = [0] 
inputs = [1,-1] 
