implementation <8,8>
range [1,-1]
states = 6;
inputs = 1;
outputs = 1;
A = [2.7685,-1.4118,0.49765,-0.62249,0.61489,-0.4526;2,0,0,0,0,0;0,2,0,0,0,0;0,0,1,0,0,0;0,0,0,1,0,0;0,0,0,0,0.5,0] 
B = [0.125;0;0;0;0;0] 
C = [0.058645,-0.009401,0.0036547,0.00025816,-0.0037133,0.028375] 
D = [0] 
inputs = [1,-1] 
