implementation <8,8>
range [1,-1]
states = 6;
inputs = 1;
outputs = 1;
A = [2.0176,-0.96507,0.85493,-0.75977,0.77079,-0.81939;2,0,0,0,0,0;0,1,0,0,0,0;0,0,1,0,0,0;0,0,0,1,0,0;0,0,0,0,0.5,0] 
B = [0.25;0;0;0;0;0] 
C = [0.1011,0.058327,0.070737,0.078161,0.049365,0.088751] 
D = [0] 
inputs = [1,-1] 
