implementation <8,8>
range [1,-1]
states = 6;
inputs = 1;
outputs = 1;
A = [5.9835,-3.7323,2.4851,-0.93151,0.37273,-0.24876;4,0,0,0,0,0;0,2,0,0,0,0;0,0,2,0,0,0;0,0,0,1,0,0;0,0,0,0,0.25,0] 
B = [0.0078125;0;0;0;0;0] 
C = [0.0026341,-0.0019718,0.00065894,0.00032586,-0.00049148,0.00065788] 
D = [0] 
inputs = [1,-1] 
