implementation <8,8>
range [1,-1]
states = 6;
inputs = 1;
outputs = 1;
A = [5.9441,-3.6917,2.4532,-0.91984,0.36904,-0.24752;4,0,0,0,0,0;0,2,0,0,0,0;0,0,2,0,0,0;0,0,0,1,0,0;0,0,0,0,0.25,0] 
B = [0.015625;0;0;0;0;0] 
C = [0.005254,-0.0039026,0.0013038,0.00063755,-0.0009698,0.0013109] 
D = [0] 
inputs = [1,-1] 
