range [1,-1]
states = 6;
inputs = 1;
outputs = 1;
A = [-0.55847,1.0605,1.6336,0.1745,-0.70233,-0.60774;1,0,0,0,0,0;0,1,0,0,0,0;0,0,1,0,0,0;0,0,0,1,0,0;0,0,0,0,1,0] 
B = [2;0;0;0;0;0] 
C = [0.085341,0.34996,0.56452,0.49595,0.24775,0.053149] 
D = [0] 
inputs = [-10000,10000] 
Ts = 0.5; 
