implementation <8,8>
range [1,-1]
states = 6;
inputs = 1;
outputs = 1;
A = [5.9985,-3.7483,2.4984,-0.93676,0.37466,-0.24975;4,0,0,0,0,0;0,2,0,0,0,0;0,0,2,0,0,0;0,0,0,1,0,0;0,0,0,0,0.25,0] 
B = [0.0019531;0;0;0;0;0] 
C = [0.00042223,-0.0003167,0.00010564,5.2706e-05,-7.9127e-05,0.00010554] 
D = [0] 
inputs = [1,-1] 
