implementation <8,24>
states = 3;
inputs = 1;
outputs = 1;
sampling = 0.001:0:10;
A = [0.917975 , -0.58501 , 0.252065; 0.756974 , -0.0898985 , -0.577199; -0.433346 , 0.766222 , -1.09907] 
B = [0.0609765; -0.0672907; 0.0746911] 
C = [-0.072867,0.0041338,0.063212] 
D = [0] 
inputs = [-100,100] 
outputs = [-.5,.5] 
