range [1,-1]
states = 3;
inputs = 1;
outputs = 1;
A = [2.5817,-1.0867,0.59156;2,0,0;0,0.5,0] 
B = [0.0078125;0;0] 
C = [-0.0052027,0.00037556,0.0043325] 
D = [0] 
inputs = [-10000,10000] 
Ts = 1; 
