implementation <8,8>
states = 2;
inputs = 1;
outputs = 1;
A = [2,-1;1,0] 
B = [0.00048828;0] 
C = [0.000256,0.000256] 
D = [0] 
inputs = [-10,10] 
