implementation <8,24>
states = 3;
inputs = 1;
outputs = 1;
sampling = 0.001:0:1;
A = [-6551.76 , -4414.79 , 205.609; 8630.34 , 5776.78 , -315.621; -414 , -321.707 , -985.02] 
B = [1600.2; -2107.58; 101.442] 
C = [0.081851,0.056338,-0.0026246] 
D = [0] 
inputs = [-1,1] 
outputs = [-1,1] 
