implementation <8,8>
states = 2;
inputs = 1;
outputs = 1;
A = [1.0062,-0.10775;0.0625,0] 
B = [0.0625;0] 
C = [0.012819,0.04911] 
D = [0] 
inputs = [-1,1] 
