implementation <8,24>
states = 3;
inputs = 1;
outputs = 1;
sampling = 0.001:0:1;
A = [1500 , -1000 , 500; 1000 , -0.137028 , -1000; -500 , 1000 , -1500] 
B = [41.6709; -41.6752; 41.6796] 
C = [0.078364,-0.078383,0.078403] 
D = [0] 
inputs = [-100,100] 
outputs = [-10,10] 
