implementation <8,8>
states = 2;
inputs = 1;
outputs = 1;
A = [0.0095007,-1;1,0] 
B = [2;0] 
C = [-2.5271,-0.96267] 
D = [9.8] 
inputs = [1] 
