implementation <8,8>
range [1,-1]
states = 4;
inputs = 1;
outputs = 1;
A = [1.0157,-0.015812,0.050261,-0.00026262;-0.018271,1.037,-0.00030346,0.050614;0.63157,-0.63798,1.0157,-0.015812;-0.73719,1.4898,-0.018271,1.037] 
B = [-0.0037543;0.0075321;-0.15135;0.30358] 
C = [1,0,1,0] 
D = [0] 
inputs = [1,-1] 
