implementation <8,24>
states = 2;
inputs = 1;
outputs = 1;
sampling = 0.001:0:1;
A = [6.686706,-108.528881;62.951787,-1006.786706] 
B = [15.564;-0.57245053] 
C = [0.0014826,189.0217] 
D = [0] 
inputs = [-10,10] 
outputs = [-1,1] 
