range [1,-1]
states = 4;
inputs = 1;
outputs = 1;
A = [1.2734,-0.28758,0.21758,-0.01817;-0.3323,1.6603,-0.020996,0.24203;2.9809,-3.262,1.2734,-0.28758;-3.7692,7.3693,-0.3323,1.6603] 
B = [-0.067459;0.13492;-0.75706;1.5099] 
C = [1,0,1,0] 
D = [0] 
inputs = [-1,1] 
Ts = 0.2; 
