range [1,-1]
states = 4;
inputs = 1;
outputs = 1;
A = [1.0002,-0.00015676,0.0050003,-2.6126e-07;-0.00018114,1.0004,-3.0189e-07,0.0050006;0.062457,-0.062711,1.0002,-0.00015676;-0.072463,0.14682,-0.00018114,1.0004] 
B = [-3.7253e-05;7.4756e-05;-0.014902;0.029905] 
C = [1,0,1,0] 
D = [0] 
inputs = [-10000,10000] 
Ts = 0.005; 
