implementation <8,8>
range [1,-1]
states = 4;
inputs = 1;
outputs = 1;
A = [1,-6.27e-06,0.001,-2.09e-09;-7.245e-06,1,-2.415e-09,0.001;0.01249,-0.01254,1,-6.27e-06;-0.01449,0.02936,-7.245e-06,1] 
B = [-1.49e-06;2.99e-06;-0.00298;0.00598] 
C = [1,0,1,0] 
D = [0] 
inputs = [1,-1] 
Ts = 0.001 
