implementation <8,8>
range [1,-1]
states = 4;
inputs = 1;
outputs = 1;
A = [1.0639,-0.064914,0.10211,-0.0021341;-0.075008,1.1512,-0.002466,0.10498;1.3063,-1.3431,1.0639,-0.064914;-1.552,3.1132,-0.075008,1.1512] 
B = [-0.015373;0.030823;-0.31705;0.63514] 
C = [1,0,1,0] 
D = [0] 
inputs = [1,-1] 
