implementation <8,8>
range [1,-1]
states = 4;
inputs = 1;
outputs = 1;
A = [3.7437,-3.4384,0.86901,-0.43261;-3.9731,8.3694,-0.49989,1.451;17.1225,-23.5989,3.7437,-3.4384;-27.2686,48.8701,-3.9731,8.3694] 
B = [-0.77107;1.5237;-5.1767;10.1667] 
C = [1,0,1,0] 
D = [0] 
inputs = [1,-1] 
