implementation <8,8>
range [1,-1]
states = 6;
inputs = 1;
outputs = 1;
A = [2.0821,-1.1843,0.24633,-0.17578,0.062759,-0.011888;1,0,0,0,0,0;0,0.5,0,0,0,0;0,0,0.25,0,0,0;0,0,0,0.125,0,0;0,0,0,0,0.015625,0] 
B = [0.0078125;0;0;0;0;0] 
C = [0.001954,0.0011217,-0.002757,0.00020125,-0.00158,-0.0015487] 
D = [0] 
inputs = [1,-1] 
Ts = 0.5 
