implementation <8,8>
range [1,-1]
states = 6;
inputs = 1;
outputs = 1;
A = [2.8944,-1.7185,1.2923,-0.75703,0.55007,-0.31233;2,0,0,0,0,0;0,1,0,0,0,0;0,0,1,0,0,0;0,0,0,0.5,0,0;0,0,0,0,0.25,0] 
B = [0.00097656;0;0;0;0;0] 
C = [5.4223e-05,0.00040084,0.00030284,-0.00043389,-0.00033034,-3.8351e-05] 
D = [0] 
inputs = [1,-1] 
