range [1,-1]
states = 6;
inputs = 1;
outputs = 1;
A = [5.8691,-3.5893,2.3422,-1.72,0.67386,-0.44015;4,0,0,0,0,0;0,2,0,0,0,0;0,0,1,0,0,0;0,0,0,1,0,0;0,0,0,0,0.25,0] 
B = [9.5367e-07;0;0;0;0;0] 
C = [2.6752e-08,1.6368e-07,1.2706e-07,-1.2899e-07,-7.8269e-08,-1.2265e-08] 
D = [0] 
inputs = [-1,1] 
Ts = 0.005; 
