implementation <8,8>
range [1,-1]
states = 6;
inputs = 1;
outputs = 1;
A = [1.9667,-0.93366,-0.13119,-0.031757,0.013665,-0.00028264;1,0,0,0,0,0;0,0.25,0,0,0,0;0,0,0.03125,0,0,0;0,0,0,0.0078125,0,0;0,0,0,0,0.00048828,0] 
B = [0.015625;0;0;0;0;0] 
C = [0.0035721,0.00099761,-0.003178,-0.0038652,-0.0049216,-0.0074411] 
D = [0] 
inputs = [1,-1] 
Ts = 1; 
