range [1,-1]
states = 3;
inputs = 1;
outputs = 1;
A = [4.1161,0.095387,-0.037687;167.1376,4.1161,-1.8077;0,0,0.14757] 
B = [-0.001151;-0.072474;0.042836] 
C = [1,0,0] 
D = [0] 
inputs = [-10000,10000] 
Ts = 0.05; 
