range [1,-1]
states = 3;
inputs = 1;
outputs = 1;
A = [1.022,0.0050366,-0.00040147;8.8252,1.022,-0.15624;0,0,0.82585] 
B = [-1.305e-06;-0.00077206;0.0087514] 
C = [1,0,0] 
D = [0] 
inputs = [-10,10] 
Ts = 0.005; 
