range [1,-1]
states = 3;
inputs = 1;
outputs = 1;
A = [1.0009,0.0010003,-1.6823e-05;1.7527,1.0009,-0.033437;0,0,0.96245] 
B = [-1.0817e-08;-3.2351e-05;0.0018867] 
C = [1,0,0] 
D = [0] 
inputs = [-10,10] 
Ts = 0.001; 
