range [1,-1]
states = 3;
inputs = 1;
outputs = 1;
A = [11.5673,0.2753,-0.11547;482.3889,11.5673,-4.9607;0,0,0.056688] 
B = [-0.0045227;-0.22207;0.047403] 
C = [1,0,0] 
D = [0] 
inputs = [-10000,10000] 
Ts = 0.075; 
