range [1,-1]
states = 3;
inputs = 1;
outputs = 1;
A = [1.5994,0.02982,-0.0087737;52.2501,1.5994,-0.68021;0,0,0.38415] 
B = [-0.00014479;-0.016873;0.030947] 
C = [1,0,0] 
D = [0] 
inputs = [-10,10] 
Ts = 0.025; 
