range [1,-1]
states = 3;
inputs = 1;
outputs = 1;
A = [32.8854,0.78525,-0.33311;1375.9262,32.8854,-14.0062;0,0,0.021777] 
B = [-0.014416;-0.6406;0.049157] 
C = [1,0,0] 
D = [0] 
inputs = [-10000,10000] 
Ts = 0.1; 
