implementation <8,8>
range [1,-1]
states = 2;
inputs = 1;
outputs = 1;
A = [1.09,0.51601;0.5,0] 
B = [2;0] 
C = [-0.43719,-1.2155] 
D = [-0.10454] 
inputs = [1,-1] 
Ts = 1.5; 
