range [1,-1]
states = 2;
inputs = 1;
outputs = 1;
A = [1.0717,0.77568;0.5,0] 
B = [2;0] 
C = [-0.73923,-1.3457] 
D = [-0.24524] 
inputs = [1,-1] 
Ts = 1.8; 
