range [1,-1]
states = 2;
inputs = 1;
outputs = 1;
A = [1.071,0.46811;1,0] 
B = [2;0] 
C = [-0.95638,-0.73207] 
D = [-0.36392] 
inputs = [-1,1] 
Ts = 2; 
