range [1,-1]
states = 2;
inputs = 1;
outputs = 1;
A = [1.1351,0.44581;0.25,0] 
B = [2;0] 
C = [-0.16374,-2.2631] 
D = [-0.018525] 
inputs = [-1,1] 
Ts = 1.2; 
