range [1,-1]
states = 2;
inputs = 1;
outputs = 1;
A = [1.0778,0.54481;1,0] 
B = [2;0] 
C = [-1.187,-0.80543] 
D = [-0.49997] 
inputs = [-10000,10000] 
Ts = 2.2; 
