implementation <8,8>
range [1,-1]
states = 2;
inputs = 1;
outputs = 1;
A = [1.1002,0.65518;1,0] 
B = [2;0] 
C = [-1.5608,-0.94445] 
D = [-0.73337] 
inputs = [1,-1] 
Ts = 2.5; 
