range [1,-1]
states = 3;
inputs = 1;
outputs = 1;
A = [0.47881,0.78929,-0.23497;1,0,0;0,0.125,0] 
B = [2;0;0] 
C = [-0.20412,-0.38516,-0.90444] 
D = [0.016223] 
inputs = [1,-1] 
Ts = 0.8; 
