range [1,-1]
states = 8;
inputs = 1;
outputs = 1;
A = [7.6805,-6.4511,3.0959,-1.8569,1.4254,-0.68374,0.37479,-0.17973;4,0,0,0,0,0,0,0;0,4,0,0,0,0,0,0;0,0,2,0,0,0,0,0;0,0,0,1,0,0,0,0;0,0,0,0,1,0,0,0;0,0,0,0,0,0.5,0,0;0,0,0,0,0,0,0.25,0] 
B = [2;0;0;0;0;0;0;0] 
C = [0.17334,-0.29027,0.2083,-0.16607,0.15887,-0.091179,0.058141,-0.031776] 
D = [0] 
inputs = [-10000,10000] 
Ts = 0.01; 
