range [1,-1]
states = 8;
inputs = 1;
outputs = 1;
A = [6.5864,-4.73,3.8696,-1.9719,1.2817,-0.51879,0.23908,-0.19205;4,0,0,0,0,0,0,0;0,2,0,0,0,0,0,0;0,0,2,0,0,0,0,0;0,0,0,1,0,0,0,0;0,0,0,0,1,0,0,0;0,0,0,0,0,0.5,0,0;0,0,0,0,0,0,0.125,0] 
B = [4;0;0;0;0;0;0;0] 
C = [0.41907,-0.59283,0.71615,-0.47894,0.3832,-0.18358,0.09767,-0.089268] 
D = [0] 
inputs = [-1,1] 
Ts = 0.05; 
