range [1,-1]
states = 3;
inputs = 1;
outputs = 1;
A = [2.9407,-1.4412,0.94176;2,0,0;0,0.5,0] 
B = [0.00097656;0;0] 
C = [0.00016813,0.00033125,0.00016316] 
D = [0] 
inputs = [-1,1] 
Ts = 0.01; 
