range [1,-1]
states = 7;
inputs = 1;
outputs = 1;
A = [0.72945,-0.27618,0.1439,-0.078461,0.068149,-0.026174,0.070795;1,0,0,0,0,0,0;0,1,0,0,0,0,0;0,0,0.5,0,0,0,0;0,0,0,0.5,0,0,0;0,0,0,0,0.25,0,0;0,0,0,0,0,0.125,0] 
B = [1;0;0;0;0;0;0] 
C = [0.36493,0.53172,-0.35409,-0.37212,-0.089752,-0.042864,0.003396] 
D = [0] 
inputs = [-1,1] 
Ts = 0.5; 
