implementation <8,8>
range [1,-1]
states = 3;
inputs = 1;
outputs = 1;
A = [2.7168,-1.2291,0.74082;2,0,0;0,0.5,0] 
B = [0.0078125;0;0] 
C = [0.0024748,0.0045933,0.00213] 
D = [0] 
inputs = [1,-1] 
Ts = 0.05 
