range [1,-1]
states = 3;
inputs = 1;
outputs = 1;
A = [2.4644,-2.0177,0.54881;1,0,0;0,1,0] 
B = [0.03125;0;0] 
C = [0.0045962,0.015844,0.0034049] 
D = [0] 
inputs = [-1,1] 
Ts = 0.1; 
