range [1,-1]
states = 8;
inputs = 1;
outputs = 1;
A = [4.1268,-3.607,1.7334,-0.99507,0.69336,-0.28386,0.12365,-0.087064;2,0,0,0,0,0,0,0;0,2,0,0,0,0,0,0;0,0,1,0,0,0,0,0;0,0,0,0.5,0,0,0,0;0,0,0,0,0.5,0,0,0;0,0,0,0,0,0.25,0,0;0,0,0,0,0,0,0.0625,0] 
B = [8;0;0;0;0;0;0;0] 
C = [0.7514,-1.2836,0.89825,-0.6566,0.52539,-0.2186,0.089673,-0.13619] 
D = [0] 
inputs = [-10000,10000] 
Ts = 0.2; 
