range [1,-1]
states = 7;
inputs = 1;
outputs = 1;
A = [5.4333,-3.2034,2.1257,-1.7148,0.84101,-0.46458,0.22313;4,0,0,0,0,0,0;0,2,0,0,0,0,0;0,0,1,0,0,0,0;0,0,0,1,0,0,0;0,0,0,0,0.5,0,0;0,0,0,0,0,0.25,0] 
B = [0.125;0;0;0;0;0;0] 
C = [0.062724,-0.017986,-0.012149,0.026442,-0.017378,0.0096274,-0.0037707] 
D = [0] 
inputs = [-10000,10000] 
Ts = 0.1; 
