implementation <8,8>
range [1,-1]
states = 9;
inputs = 1;
outputs = 1;
A = [8.9075,-4.4083,2.5455,-1.89,1.8712,-1.2351,0.52417,-0.25954,0.22848;8,0,0,0,0,0,0,0,0;0,4,0,0,0,0,0,0,0;0,0,2,0,0,0,0,0,0;0,0,0,1,0,0,0,0,0;0,0,0,0,1,0,0,0,0;0,0,0,0,0,1,0,0,0;0,0,0,0,0,0,0.5,0,0;0,0,0,0,0,0,0,0.125,0] 
B = [3.8147e-06;0;0;0;0;0;0;0;0] 
C = [2.2791e-07,6.6719e-07,-1.6294e-07,-3.575e-07,6.1596e-07,-2.0441e-07,-1.2357e-07,1.2213e-07,4.7749e-08] 
D = [0] 
inputs = [1,-1] 
