implementation <8,8>
range [1,-1]
states = 3;
inputs = 1;
outputs = 1;
A = [2.0379,-1.366,0.60239;1,0,0;0,0.5,0] 
B = [0.0625;0;0] 
C = [0.015883,0.047302,0.017434] 
D = [0] 
inputs = [1,-1] 
Ts = 0.2 
