implementation <8,8>
range [1,-1]
states = 9;
inputs = 1;
outputs = 1;
A = [8.4899,-8.0255,4.4347,-3.1572,1.5016,-0.95424,0.78128,-0.37392,0.15941;4,0,0,0,0,0,0,0,0;0,4,0,0,0,0,0,0,0;0,0,2,0,0,0,0,0,0;0,0,0,2,0,0,0,0,0;0,0,0,0,1,0,0,0,0;0,0,0,0,0,0.5,0,0,0;0,0,0,0,0,0,0.5,0,0;0,0,0,0,0,0,0,0.25,0] 
B = [0.00024414;0;0;0;0;0;0;0;0] 
C = [1.2969e-05,9.1152e-05,8.847e-06,-5.3791e-05,2.1235e-05,3.4135e-06,-1.3686e-05,4.257e-06,1.3316e-06] 
D = [0] 
inputs = [1,-1] 
