implementation <8,8>
range [1,-1]
states = 9;
inputs = 1;
outputs = 1;
A = [6.424,-4.7478,2.1185,-1.2574,1.0295,-0.58132,0.43666,-0.19802,0.1653;4,0,0,0,0,0,0,0,0;0,4,0,0,0,0,0,0,0;0,0,2,0,0,0,0,0,0;0,0,0,1,0,0,0,0,0;0,0,0,0,1,0,0,0,0;0,0,0,0,0,0.5,0,0,0;0,0,0,0,0,0,0.5,0,0;0,0,0,0,0,0,0,0.125,0] 
B = [0.0078125;0;0;0;0;0;0;0;0] 
C = [0.0006277,0.0058115,0.0039745,-0.0013446,-0.000788,0.00085065,-0.00022968,-0.00014746,8.1851e-06] 
D = [0] 
inputs = [1,-1] 
