implementation <8,8>
range [1,-1]
states = 7;
inputs = 1;
outputs = 1;
A = [6.2276,-4.1686,3.1105,-1.3971,0.75555,-0.4555,0.23618;4,0,0,0,0,0,0;0,2,0,0,0,0,0;0,0,2,0,0,0,0;0,0,0,1,0,0,0;0,0,0,0,0.5,0,0;0,0,0,0,0,0.25,0] 
B = [0.0625;0;0;0;0;0;0] 
C = [0.025781,-0.015221,0.0016649,0.0051756,-0.0060415,0.0052939,-0.003346] 
D = [0] 
inputs = [1,-1] 
Ts = 0.05; 
