implementation <8,8>
range [1,-1]
states = 8;
inputs = 1;
outputs = 1;
A = [7.8377,-6.7185,3.2909,-2.0148,1.5789,-0.77331,0.43284,-0.21197;4,0,0,0,0,0,0,0;0,4,0,0,0,0,0,0;0,0,2,0,0,0,0,0;0,0,0,1,0,0,0,0;0,0,0,0,1,0,0,0;0,0,0,0,0,0.5,0,0;0,0,0,0,0,0,0.25,0] 
B = [1;0;0;0;0;0;0;0] 
C = [0.17415,-0.29811,0.21869,-0.17825,0.17434,-0.10231,0.066709,-0.037282] 
D = [0] 
inputs = [1,-1] 
