implementation <8,8>
range [1,-1]
states = 7;
inputs = 1;
outputs = 1;
A = [6.8489,-5.0265,2.0497,-1.0031,0.58919,-0.38456,0.21518;4,0,0,0,0,0,0;0,4,0,0,0,0,0;0,0,2,0,0,0,0;0,0,0,1,0,0,0;0,0,0,0,0.5,0,0;0,0,0,0,0,0.25,0] 
B = [0.015625;0;0;0;0;0;0] 
C = [0.0033865,-0.0030726,0.00080889,0.00011432,-0.00051582,0.00071272,-0.00064837] 
D = [0] 
inputs = [1,-1] 
Ts = 0.01; 
