implementation <8,8>
range [1,-1]
states = 8;
inputs = 1;
outputs = 1;
A = [2.1367,-1.8624,0.81736,-0.36486,0.15993,-0.062043,0.032376,-0.0089465;1,0,0,0,0,0,0,0;0,1,0,0,0,0,0,0;0,0,0.5,0,0,0,0,0;0,0,0,0.25,0,0,0,0;0,0,0,0,0.125,0,0,0;0,0,0,0,0,0.03125,0,0;0,0,0,0,0,0,0.015625,0] 
B = [8;0;0;0;0;0;0;0] 
C = [1.4874,-2.511,1.651,-1.0762,0.82642,-0.6461,-1.6968,-0.70995] 
D = [0] 
inputs = [1,-1] 
Ts = 0.5; 
