implementation <8,8>
range [1,-1]
states = 7;
inputs = 1;
outputs = 1;
A = [6.985,-5.2275,2.1735,-1.0844,0.64925,-0.43191,0.24628;4,0,0,0,0,0,0;0,4,0,0,0,0,0;0,0,2,0,0,0,0;0,0,0,1,0,0,0;0,0,0,0,0.5,0,0;0,0,0,0,0,0.25,0] 
B = [0.00097656;0;0;0;0;0;0] 
C = [0.00051499,-0.00051007,0.00015689,1.9586e-06,-8.0349e-05,0.00012656,-0.00012536] 
D = [0] 
inputs = [1,-1] 
Ts = 0.001 
