range [1,-1]
states = 3;
inputs = 1;
outputs = 1;
A = [1.1975,-0.44055,0.19915;1,0,0;0,0.25,0] 
B = [0.25;0;0] 
C = [0.040611,0.079143,0.036246] 
D = [0] 
inputs = [-1,1] 
Ts = 0.5; 
