implementation <8,8>
range [1,-1]
states = 7;
inputs = 1;
outputs = 1;
A = [6.9247,-5.1379,2.1179,-1.0477,0.62192,-0.41022,0.23194;4,0,0,0,0,0,0;0,4,0,0,0,0,0;0,0,2,0,0,0,0;0,0,0,1,0,0,0;0,0,0,0,0.5,0,0;0,0,0,0,0,0.25,0] 
B = [0.0078125;0;0;0;0;0;0] 
C = [0.0016466,-0.0015691,0.00045173,2.9692e-05,-0.00025476,0.00037783,-0.00036027] 
D = [0] 
inputs = [1,-1] 
