implementation <8,8>
range [1,-1]
states = 7;
inputs = 1;
outputs = 1;
A = [3.8935,-3.4177,1.7555,-1.1394,0.46763,-0.22544,0.19915;2,0,0,0,0,0,0;0,2,0,0,0,0,0;0,0,1,0,0,0,0;0,0,0,1,0,0,0;0,0,0,0,0.5,0,0;0,0,0,0,0,0.125,0] 
B = [0.25;0;0;0;0;0;0] 
C = [0.16579,0.035972,-0.10276,0.069699,-0.021725,0.0028481,0.0014882] 
D = [0] 
inputs = [1,-1] 
Ts = 0.2 
