implementation <8,8>
range [1,-1]
states = 8;
inputs = 1;
outputs = 1;
A = [5.5403,-3.3211,2.2485,-1.8787,0.99074,-0.64338,0.23492,-0.14753;4,0,0,0,0,0,0,0;0,2,0,0,0,0,0,0;0,0,1,0,0,0,0,0;0,0,0,1,0,0,0,0;0,0,0,0,0.5,0,0,0;0,0,0,0,0,0.5,0,0;0,0,0,0,0,0,0.125,0] 
B = [4;0;0;0;0;0;0;0] 
C = [0.80792,-0.94532,0.93329,-1.0064,0.64003,-0.48206,0.20211,-0.15128] 
D = [0] 
inputs = [1,-1] 
Ts = 0.1; 
