range [1,-1]
states = 9;
inputs = 1;
outputs = 1;
A = [1.9074,-1.1002,0.94978,-0.69169,0.4293,-0.42015,0.36158,-0.23039,0.17774;2,0,0,0,0,0,0,0,0;0,1,0,0,0,0,0,0,0;0,0,1,0,0,0,0,0,0;0,0,0,1,0,0,0,0,0;0,0,0,0,0.5,0,0,0,0;0,0,0,0,0,0.5,0,0,0;0,0,0,0,0,0,0.5,0,0;0,0,0,0,0,0,0,0.25,0] 
B = [0.25;0;0;0;0;0;0;0;0] 
C = [0.00296,0.052478,0.19369,0.14433,0.013366,0.0045071,0.003708,-0.0017421,-0.0001678] 
D = [0] 
inputs = [-10000,10000] 
Ts = 0.5; 
