implementation <8,8>
range [1,-1]
states = 8;
inputs = 1;
outputs = 1;
A = [7.9671,-6.9425,3.457,-2.1517,1.7143,-0.85362,0.48577,-0.24188;4,0,0,0,0,0,0,0;0,4,0,0,0,0,0,0;0,0,2,0,0,0,0,0;0,0,0,1,0,0,0,0;0,0,0,0,1,0,0,0;0,0,0,0,0,0.5,0,0;0,0,0,0,0,0,0.25,0] 
B = [0.5;0;0;0;0;0;0;0] 
C = [0.069931,-0.12184,0.090975,-0.075477,0.075143,-0.044887,0.029792,-0.016949] 
D = [0] 
inputs = [1,-1] 
Ts = 0.001; 
