implementation <8,8>
range [1,-1]
states = 9;
inputs = 1;
outputs = 1;
A = [7.8747,-6.9484,3.6066,-2.4272,1.0981,-0.66796,0.52681,-0.24441,0.20328;4,0,0,0,0,0,0,0,0;0,4,0,0,0,0,0,0,0;0,0,2,0,0,0,0,0,0;0,0,0,2,0,0,0,0,0;0,0,0,0,1,0,0,0,0;0,0,0,0,0,0.5,0,0,0;0,0,0,0,0,0,0.5,0,0;0,0,0,0,0,0,0,0.125,0] 
B = [0.0019531;0;0;0;0;0;0;0;0] 
C = [6.096e-05,0.00049245,0.00018044,-0.00025341,3.1613e-05,4.8976e-05,-4.4031e-05,-1.4948e-06,4.9182e-06] 
D = [0] 
inputs = [1,-1] 
Ts = 0.1 
