range [1,-1]
states = 1;
inputs = 1;
outputs = 1;
A = [0.99005] 
B = [0.015625] 
C = [0.012736] 
D = [0] 
inputs = [-1,1] 
Ts = 0.2; 
