implementation <8,8>
range [1,-1]
states = 1;
inputs = 1;
outputs = 1;
A = [0.99501] 
B = [0.0078125] 
C = [0.012768] 
D = [0] 
inputs = [1,-1] 
Ts = 0.1 
