range [1,-1]
states = 1;
inputs = 1;
outputs = 1;
A = [0.92774] 
B = [0.03125] 
C = [0.046244] 
D = [0] 
inputs = [-10000,10000] 
Ts = 1.5; 
