implementation <8,8>
range [1,-1]
states = 2;
inputs = 1;
outputs = 1;
A = [1.9905,-0.99032;1,0] 
B = [0.25;0] 
C = [0.11992,-0.11892] 
D = [0] 
inputs = [1,-1] 
Ts = 0.2; 
