range [1,-1]
states = 2;
inputs = 1;
outputs = 1;
A = [1.964,-0.96184;1,0] 
B = [0.5;0] 
C = [0.23946,-0.23155] 
D = [0] 
inputs = [-10000,10000] 
Ts = 0.8; 
