range [1,-1]
states = 2;
inputs = 1;
outputs = 1;
A = [1.9768,-0.97598;1,0] 
B = [0.5;0] 
C = [0.14977,-0.14666] 
D = [0] 
inputs = [-1,1] 
Ts = 0.5; 
