range [1,-1]
states = 2;
inputs = 1;
outputs = 1;
A = [1.9369,-0.92965;1,0] 
B = [0.5;0] 
C = [0.44837,-0.42101] 
D = [0] 
inputs = [-10000,10000] 
Ts = 1.5; 
