range [1,-1]
states = 3;
inputs = 1;
outputs = 1;
A = [2.4352,-1.8904,0.45498;1,0,0;0,1,0] 
B = [0.015625;0;0] 
C = [-0.0054176,0.0011199,0.0041191] 
D = [0] 
inputs = [1,-1] 
Ts = 1.5; 
