implementation <8,8>
range [1,-1]
states = 2;
inputs = 1;
outputs = 1;
A = [1.9558,-0.95253;1,0] 
B = [0.5;0] 
C = [0.29919,-0.28688] 
D = [0] 
inputs = [1,-1] 
Ts = 1 
