range [1,-1]
states = 2;
inputs = 1;
outputs = 1;
A = [1.9998,-0.99976;1,0] 
B = [0.03125;0] 
C = [0.024,-0.023995] 
D = [0] 
inputs = [-1,1] 
Ts = 0.005; 
