range [1,-1]
states = 3;
inputs = 1;
outputs = 1;
A = [2.7663,-1.2677,0.76913;2,0,0;0,0.5,0] 
B = [0.0039062;0;0] 
C = [-0.0028193,0.00010658,0.0025725] 
D = [0] 
inputs = [-10000,10000] 
Ts = 0.5; 
