implementation <8,8>
range [1,-1]
states = 3;
inputs = 1;
outputs = 1;
A = [2.8998,-1.4001,0.90032;2,0,0;0,0.5,0] 
B = [0.0019531;0;0] 
C = [-0.0009483,1.4742e-05,0.00091416] 
D = [0] 
inputs = [1,-1] 
Ts = 0.2; 
