range [1,-1]
states = 2;
inputs = 1;
outputs = 1;
A = [0.99901,-0.0058054;0.0078125,0] 
B = [0.125;0] 
C = [0.014393,0.20451] 
D = [0] 
inputs = [-10000,10000] 
Ts = 0.01; 
