range [1,-1]
states = 2;
inputs = 1;
outputs = 1;
A = [0.90122,1.3429e-08;7.4506e-09,0] 
B = [128;0] 
C = [0.0014826,189.0217] 
D = [0] 
inputs = [-1,1] 
Ts = 1; 
