implementation <8,8>
range [1,-1]
states = 2;
inputs = 1;
outputs = 1;
A = [1.3678,-0.73569;0.5,0] 
B = [0.015625;0] 
C = [0.0047087,0.0067641] 
D = [0] 
inputs = [1,-1] 
Ts = 0.001; 
