range [1,-1]
states = 2;
inputs = 1;
outputs = 1;
A = [0.97941,0;1,0] 
B = [0.25;0] 
C = [0.15756,0.00078362] 
D = [0] 
inputs = [1,-1] 
Ts = 0.2; 
