implementation <8,8>
range [1,-1]
states = 2;
inputs = 1;
outputs = 1;
A = [0.94933,0;1,0] 
B = [0.25;0] 
C = [0.38902,0.00075955] 
D = [0] 
inputs = [1,-1] 
Ts = 0.5; 
