range [1,-1]
states = 2;
inputs = 1;
outputs = 1;
A = [0.98965,1.4747e-08;7.4506e-09,0] 
B = [128;0] 
C = [0.00015389,207.5687] 
D = [0] 
inputs = [-1,1] 
Ts = 0.1; 
