range [1,-1]
states = 6;
inputs = 1;
outputs = 1;
A = [4.9098,-2.6672,1.679,-1.306,0.59083,-0.47571;4,0,0,0,0,0;0,2,0,0,0,0;0,0,1,0,0,0;0,0,0,1,0,0;0,0,0,0,0.25,0] 
B = [0.0625;0;0;0;0;0] 
C = [0.031637,-0.01742,0.0052726,0.0045195,-0.0084182,0.015637] 
D = [0] 
inputs = [-1,1] 
Ts = 0.05; 
