range [1,-1]
states = 6;
inputs = 1;
outputs = 1;
A = [2.7685,-1.4118,0.9953,-1.245,1.2298,-0.9052;2,0,0,0,0,0;0,1,0,0,0,0;0,0,1,0,0,0;0,0,0,1,0,0;0,0,0,0,0.5,0] 
B = [0.125;0;0;0;0;0] 
C = [0.058645,-0.009401,0.0073093,0.00051631,-0.0074266,0.056749] 
D = [0] 
inputs = [-1,1] 
Ts = 0.1; 
