implementation <8,8>
range [1,-1]
states = 6;
inputs = 1;
outputs = 1;
A = [5.9441,-3.6917,2.4532,-1.8397,0.73807,-0.49504;4,0,0,0,0,0;0,2,0,0,0,0;0,0,1,0,0,0;0,0,0,1,0,0;0,0,0,0,0.25,0] 
B = [0.015625;0;0;0;0;0] 
C = [0.005254,-0.0039026,0.0013038,0.0012751,-0.0019396,0.0026218] 
D = [0] 
inputs = [1,-1] 
