implementation <8,8>
range [1,-1]
states = 6;
inputs = 1;
outputs = 1;
A = [2.0176,-1.9301,1.7099,-1.5195,1.5416,-0.81939;1,0,0,0,0,0;0,1,0,0,0,0;0,0,1,0,0,0;0,0,0,1,0,0;0,0,0,0,1,0] 
B = [0.5;0;0;0;0;0] 
C = [0.050551,0.058327,0.070737,0.078161,0.049365,0.044375] 
D = [0] 
inputs = [1,-1] 
Ts = 0.2 
