implementation <8,8>
range [1,-1]
states = 6;
inputs = 1;
outputs = 1;
A = [5.9985,-3.7483,2.4984,-1.8735,0.74932,-0.4995;4,0,0,0,0,0;0,2,0,0,0,0;0,0,1,0,0,0;0,0,0,1,0,0;0,0,0,0,0.25,0] 
B = [0.0019531;0;0;0;0;0] 
C = [0.00042223,-0.0003167,0.00010564,0.00010541,-0.00015825,0.00021107] 
D = [0] 
inputs = [1,-1] 
Ts = 0.001; 
