implementation <8,8>
range [1,-1]
states = 3;
inputs = 1;
outputs = 1;
A = [2.9589,-1.4589,0.95887;2,0,0;0,0.5,0] 
B = [2;0;0] 
C = [0.47287,-0.4697,0.49676] 
D = [0] 
inputs = [1,-1] 
Ts = 0.1 
