range [1,-1]
states = 3;
inputs = 1;
outputs = 1;
A = [2.9792,-1.4792,0.97922;2,0,0;0,0.5,0] 
B = [1;0;0] 
C = [0.48009,-0.48233,0.4922] 
D = [0] 
inputs = [-10000,10000] 
Ts = 0.05; 
