implementation <8,8>
range [1,-1]
states = 3;
inputs = 1;
outputs = 1;
A = [2.9996,-1.4996,0.99958;2,0,0;0,0.5,0] 
B = [0.125;0;0] 
C = [0.078364,-0.078383,0.078403] 
D = [0] 
inputs = [1,-1] 
Ts = 0.001 
