implementation <8,8>
range [1,-1]
states = 3;
inputs = 1;
outputs = 1;
A = [2.9194,-1.4198,0.91943;2,0,0;0,0.5,0] 
B = [2;0;0] 
C = [0.93264,-0.86041,1.025] 
D = [0] 
inputs = [1,-1] 
Ts = 0.2; 
