range [1,-1]
states = 3;
inputs = 1;
outputs = 1;
A = [2.9958,-1.4958,0.99581;2,0,0;0,0.5,0] 
B = [0.5;0;0] 
C = [0.19512,-0.19555,0.1961] 
D = [0] 
inputs = [-1,1] 
Ts = 0.01; 
