range [1,-1]
states = 3;
inputs = 1;
outputs = 1;
A = [2.9979,-1.4979,0.9979;2,0,0;0,0.5,0] 
B = [0.5;0;0] 
C = [0.097777,-0.097892,0.098022] 
D = [0] 
inputs = [-10000,10000] 
Ts = 0.005; 
