range [1,-1]
states = 2;
inputs = 1;
outputs = 1;
A = [2,-1;1,0] 
B = [0.00097656;0] 
C = [0.000512,0.000512] 
D = [0] 
inputs = [1,-1] 
Ts = 0.001; 
