range [1,-1]
states = 3;
inputs = 1;
outputs = 1;
A = [2.7612,-1.2619,0.76262;2,0,0;0,0.5,0] 
B = [0.125;0;0] 
C = [-0.067525,0.002616,0.061417] 
D = [0] 
inputs = [-100,100] 
Ts = 1; 
