implementation <8,8>
range [1,-1]
states = 3;
inputs = 1;
outputs = 1;
A = [2.9973,-1.4973,0.99729;2,0,0;0,0.5,0] 
B = [0.00097656;0;0] 
C = [-0.00094125,3.8228e-07,0.00094036] 
D = [0] 
inputs = [1,-1] 
Ts = 0.01 
