range [1,-1]
states = 3;
inputs = 1;
outputs = 1;
A = [2.6629,-1.1644,0.66598;2,0,0;0,0.5,0] 
B = [0.25;0;0] 
C = [-0.072867,0.0041338,0.063212] 
D = [0] 
inputs = [-10000,10000] 
Ts = 1.5; 
