implementation <8,8>
range [1,-1]
states = 2;
inputs = 1;
outputs = 1;
A = [2.0251,-1;1,0] 
B = [0.25;0] 
C = [0.12526,0.12526] 
D = [0] 
inputs = [1,-1] 
