range [1,-1]
states = 2;
inputs = 1;
outputs = 1;
A = [2.1008,-1;1,0] 
B = [0.5;0] 
C = [0.25209,0.25209] 
D = [0] 
inputs = [-10000,10000] 
Ts = 0.01; 
