range [1,-1]
states = 2;
inputs = 1;
outputs = 1;
A = [1.999,-1;1,0] 
B = [0.25;0] 
C = [-0.20285,0.18909] 
D = [9.8] 
inputs = [1,-1] 
Ts = 0.01; 
