implementation <8,8>
range [1,-1]
states = 2;
inputs = 1;
outputs = 1;
A = [1.9998,-1;1,0] 
B = [0.25;0] 
C = [-0.099716,0.096276] 
D = [9.8] 
inputs = [1,-1] 
Ts = 0.005; 
