range [1,-1]
states = 2;
inputs = 1;
outputs = 1;
A = [-0.028501,-1;1,0] 
B = [2;0] 
C = [-0.99605,-2.5603] 
D = [9.8] 
inputs = [-10,10] 
Ts = 1.5; 
