range [1,-1]
states = 2;
inputs = 1;
outputs = 1;
A = [1.9027,-1;1,0] 
B = [1;0] 
C = [-0.65262,0.31144] 
D = [9.8] 
inputs = [-10,10] 
Ts = 0.1; 
