implementation <8,8>
range [1,-1]
states = 2;
inputs = 1;
outputs = 1;
A = [1.9755,-1;1,0] 
B = [0.5;0] 
C = [-0.57382,0.40218] 
D = [9.8] 
inputs = [1,-1] 
Ts = 0.05 
