implementation <8,8>
range [1,-1]
states = 5;
inputs = 1;
outputs = 1;
A = [0.9802,0.048282,0.0025532,0.0046577,0.0084477;0,0.95123,0.082606,0.20664,0.53308;0,0,0.23979,1.2609,6.5212;0,0,0,0.082085,1.429;0,0,0,0,0.36788] 
B = [0.005922;0.50923;10.1543;3.9743;1.8964] 
C = [1,0,0,0,0] 
D = [0] 
inputs = [1,-1] 
Ts = 0.1 
