implementation <8,8>
range [1,-1]
states = 5;
inputs = 1;
outputs = 1;
A = [0.998,0.0049825,3.8072e-05,1.0352e-05,1.9403e-06;0,0.99501,0.014872,0.0060129,0.0015148;0,0,0.86693,0.7046,0.27286;0,0,0,0.7788,0.63018;0,0,0,0,0.90484] 
B = [1.1836e-07;0.00011647;0.028439;0.10024;0.28549] 
C = [1,0,0,0,0] 
D = [0] 
inputs = [1,-1] 
Ts = 0.01 
