range [1,-1]
states = 5;
inputs = 1;
outputs = 1;
A = [0.99501,0.012391,0.00022139,0.00014001,6.5483e-05;0,0.98758,0.033417,0.031007,0.019718;0,0,0.69977,1.3153,1.3364;0,0,0,0.53526,1.2177;0,0,0,0,0.7788] 
B = [1.0233e-05;0.0039331;0.37094;0.52956;0.6636] 
C = [1,0,0,0,0] 
D = [0] 
inputs = [1,-1] 
Ts = 0.025; 
