implementation <8,8>
range [1,-1]
states = 5;
inputs = 1;
outputs = 1;
A = [0.96079,0.093253,0.0071032,0.018144,0.060432;0,0.90484,0.098385,0.31768,1.5372;0,0,0.057498,0.40585,5.7645;0,0,0,0.0067379,0.64299;0,0,0,0,0.13534] 
B = [0.09677;3.6646;29.9669;7.0104;2.594] 
C = [1,0,0,0,0] 
D = [0] 
inputs = [1,-1] 
