range [1,-1]
states = 5;
inputs = 1;
outputs = 1;
A = [0.90484,0.21006,0.020663,0.065048,0.37553;0,0.7788,0.090335,0.31561,2.3967;0,0,0.00079275,0.0063085,0.56374;0,0,0,3.7267e-06,0.033671;0,0,0,0,0.0067379] 
B = [1.9852;23.3261;52.2281;8.899;2.9798] 
C = [1,0,0,0,0] 
D = [0] 
inputs = [-10000,10000] 
Ts = 0.5; 
