implementation <8,8>
range [1,-1]
states = 5;
inputs = 1;
outputs = 1;
A = [0.99005,0.024567,0.00078929,0.00088967,0.00082683;0,0.97531,0.056386,0.091173,0.11724;0,0,0.48968,1.6245,3.5776;0,0,0,0.2865,1.6001;0,0,0,0,0.60653] 
B = [0.00026887;0.049718;2.2139;1.6211;1.1804] 
C = [1,0,0,0,0] 
D = [0] 
inputs = [1,-1] 
