range [1,-1]
states = 3;
inputs = 1;
outputs = 1;
A = [0.47621,0.79656,-0.54554;1,0,0;0,0.5,0] 
B = [0.5;0;0] 
C = [-0.41983,-0.3098,0.086275] 
D = [-0.080389] 
inputs = [-100,100] 
Ts = 1.2; 
