range [1,-1]
states = 3;
inputs = 1;
outputs = 1;
A = [0.29998,0.87115,-0.34225;1,0,0;0,0.5,0] 
B = [1;0;0] 
C = [-0.35808,-0.28185,0.056351] 
D = [-0.1659] 
inputs = [-10000,10000] 
Ts = 1.75; 
