range [1,-1]
states = 3;
inputs = 1;
outputs = 1;
A = [0.72815,0.64874,-0.75377;1,0,0;0,0.5,0] 
B = [0.5;0;0] 
C = [-0.19161,-0.13586,0.041062] 
D = [-0.028694] 
inputs = [1,-1] 
Ts = 0.75; 
