range [1,-1]
states = 3;
inputs = 1;
outputs = 1;
A = [1.3613,-0.0228,-0.67706;1,0,0;0,0.5,0] 
B = [0.125;0;0] 
C = [-0.059559,-0.073347,-0.0086932] 
D = [-0.00099263] 
inputs = [1,-1] 
Ts = 0.25; 
