implementation <8,8>
range [1,-1]
states = 3;
inputs = 1;
outputs = 1;
A = [1.91,-0.90997,0;1,0,0;0,1,0] 
B = [0.0625;0;0] 
C = [0,-0.016726,-0.016208] 
D = [0] 
inputs = [1,-1] 
Ts = 0.1 
