range [1,-1]
states = 3;
inputs = 1;
outputs = 1;
A = [0.3679,0.84464,-0.42508;1,0,0;0,0.5,0] 
B = [1;0;0] 
C = [-0.29062,-0.22246,0.052437] 
D = [-0.12463] 
inputs = [-10000,10000] 
Ts = 1.5; 
