range [1,-1]
states = 3;
inputs = 1;
outputs = 1;
A = [1.4947,-0.2187,-0.55203;1,0,0;0,0.5,0] 
B = [0.125;0;0] 
C = [-0.028252,-0.049015,-0.01321] 
D = [-0.00034846] 
inputs = [-1,1] 
Ts = 0.2; 
