implementation <8,8>
range [1,-1]
states = 3;
inputs = 1;
outputs = 1;
A = [0.85348,0.55207,-0.8111;1,0,0;0,0.5,0] 
B = [0.25;0;0] 
C = [-0.25063,-0.18031,0.048661] 
D = [-0.016557] 
inputs = [1,-1] 
