implementation <8,8>
states = 3;
inputs = 1;
outputs = 1;
A = [2.9865,-1.4865,0.98654;2,0,0;0,0.5,0] 
B = [0.0078125;0;0] 
C = [-0.0029311,5.9409e-06,0.0029172] 
D = [0] 
inputs = [-100,100] 
