implementation <8,8>
states = 3;
inputs = 1;
outputs = 1;
A = [2.9986,-1.4986,0.99865;2,0,0;0,0.5,0] 
B = [0.00048828;0;0] 
C = [-0.00047083,9.5635e-08,0.00047061] 
D = [0] 
inputs = [1] 
