implementation <8,24>
states = 4;
inputs = 1;
outputs = 1;
sampling = 0.001:1e-7:10;
A = [111.756 , -132.874 , 41.0061 , -6.77326; 73.8271 , -41.2656 , -64.9092 , 9.41126; -51.2903 , 143.223 , -180.796 , -38.2679; 52.139 , -114.48 , 177.645 , -405.828] 
B = [44.2293; -29.5978; 36.4914; -47.5776] 
C = [0.047193,0.053056,-0.070934,-0.66128] 
D = [0] 
inputs = [-10000,10000] 
outputs = [-1000,1000] 
