implementation <8,8>
states = 3;
inputs = 1;
outputs = 1;
A = [2.9472,-1.4472,0.94724;2,0,0;0,0.5,0] 
B = [0.03125;0;0] 
C = [-0.011571,9.3147e-05,0.011354] 
D = [0] 
inputs = [-1,1] 
