implementation <8,8>
states = 3;
inputs = 1;
outputs = 1;
A = [2.9732,-1.4733,0.97326;2,0,0;0,0.5,0] 
B = [0.015625;0;0] 
C = [-0.0058365,2.3603e-05,0.0057814] 
D = [0] 
inputs = [-10,10] 
