implementation <8,8>
states = 3;
inputs = 1;
outputs = 1;
A = [2.8729,-1.3731,0.87328;2,0,0;0,0.5,0] 
B = [0.0625;0;0] 
C = [-0.035232,0.00069897,0.0336] 
D = [0] 
inputs = [-10,10] 
