implementation <8,24>
states = 4;
inputs = 1;
outputs = 1;
sampling = 0.001:0:.002;
A = [9.2 , -7.5 , 1.88 , -0.83; 3.3 , 2.5 , -2.5 , 0.83; -3.3 , 10 , -2.5 , -3.3; 3.3 , -7.5 , 7.5 , -9.2] 
B = [0.0707; -0.05; 0.1; -0.15] 
C = [0.029774, 0.012478, -0.0098528, -0.017296] 
D = [0] 
inputs = [-100,100] 
outputs = [-1,1] 
