implementation <8,8>
range [1,-1]
states = 9;
inputs = 1;
outputs = 1;
A = [8.4899,-4.0127,2.2173,-1.5786,0.7508,-0.47712,0.39064,-0.18696,0.15941;8,0,0,0,0,0,0,0,0;0,4,0,0,0,0,0,0,0;0,0,2,0,0,0,0,0,0;0,0,0,2,0,0,0,0,0;0,0,0,0,1,0,0,0,0;0,0,0,0,0,0.5,0,0,0;0,0,0,0,0,0,0.5,0,0;0,0,0,0,0,0,0,0.125,0] 
B = [0.00012207;0;0;0;0;0;0;0;0] 
C = [2.5938e-05,9.1152e-05,8.847e-06,-5.3791e-05,2.1235e-05,3.4135e-06,-1.3686e-05,4.257e-06,2.6631e-06] 
D = [0] 
inputs = [1,-1] 
