implementation <8,8>
range [1,-1]
states = 7;
inputs = 1;
outputs = 1;
A = [5.4333,-3.2034,2.1257,-0.85738,0.4205,-0.23229,0.11157;4,0,0,0,0,0,0;0,2,0,0,0,0,0;0,0,2,0,0,0,0;0,0,0,1,0,0,0;0,0,0,0,0.5,0,0;0,0,0,0,0,0.25,0] 
B = [0.125;0;0;0;0;0;0] 
C = [0.062724,-0.017986,-0.012149,0.013221,-0.0086889,0.0048137,-0.0018854] 
D = [0] 
inputs = [1,-1] 
