implementation <8,8>
range [1,-1]
states = 3;
inputs = 1;
outputs = 1;
A = [2.0379,-0.68301,0.30119;2,0,0;0,0.5,0] 
B = [0.0625;0;0] 
C = [0.015883,0.023651,0.0087169] 
D = [0] 
inputs = [1,-1] 
