implementation <8,8>
range [1,-1]
states = 8;
inputs = 1;
outputs = 1;
A = [7.9671,-3.4713,1.7285,-1.0759,0.85715,-0.42681,0.24289,-0.24188;8,0,0,0,0,0,0,0;0,4,0,0,0,0,0,0;0,0,2,0,0,0,0,0;0,0,0,1,0,0,0,0;0,0,0,0,1,0,0,0;0,0,0,0,0,0.5,0,0;0,0,0,0,0,0,0.125,0] 
B = [0.5;0;0;0;0;0;0;0] 
C = [0.069931,-0.060919,0.045488,-0.037739,0.037572,-0.022443,0.014896,-0.016949] 
D = [0] 
inputs = [1,-1] 
