implementation <8,8>
range [1,-1]
states = 9;
inputs = 1;
outputs = 1;
A = [7.8747,-3.4742,1.8033,-1.2136,1.0981,-0.66796,0.2634,-0.1222,0.10164;8,0,0,0,0,0,0,0,0;0,4,0,0,0,0,0,0,0;0,0,2,0,0,0,0,0,0;0,0,0,1,0,0,0,0,0;0,0,0,0,1,0,0,0,0;0,0,0,0,0,1,0,0,0;0,0,0,0,0,0,0.5,0,0;0,0,0,0,0,0,0,0.125,0] 
B = [0.00097656;0;0;0;0;0;0;0;0] 
C = [0.00012192,0.00049245,0.00018044,-0.00025341,6.3227e-05,9.7953e-05,-4.4031e-05,-1.4948e-06,4.9182e-06] 
D = [0] 
inputs = [1,-1] 
