implementation <8,8>
range [1,-1]
states = 9;
inputs = 1;
outputs = 1;
A = [8.991,-4.491,2.6171,-1.9609,0.97946,-0.65232,0.55857,-0.27901,0.24776;8,0,0,0,0,0,0,0,0;0,4,0,0,0,0,0,0,0;0,0,2,0,0,0,0,0,0;0,0,0,2,0,0,0,0,0;0,0,0,0,1,0,0,0,0;0,0,0,0,0,0.5,0,0,0;0,0,0,0,0,0,0.5,0,0;0,0,0,0,0,0,0,0.125,0] 
B = [7.4506e-09;0;0;0;0;0;0;0;0] 
C = [1.1233e-09,3.1098e-09,-1.0909e-09,-1.5371e-09,1.6527e-09,-7.2768e-10,-5.6783e-10,7.5365e-10,2.7591e-10] 
D = [0] 
inputs = [1,-1] 
