implementation <8,8>
range [1,-1]
states = 8;
inputs = 1;
outputs = 1;
A = [7.8377,-3.3593,1.6454,-1.0074,0.78947,-0.38666,0.21642,-0.21197;8,0,0,0,0,0,0,0;0,4,0,0,0,0,0,0;0,0,2,0,0,0,0,0;0,0,0,1,0,0,0,0;0,0,0,0,1,0,0,0;0,0,0,0,0,0.5,0,0;0,0,0,0,0,0,0.125,0] 
B = [1;0;0;0;0;0;0;0] 
C = [0.17415,-0.14905,0.10934,-0.089125,0.087172,-0.051155,0.033355,-0.037282] 
D = [0] 
inputs = [1,-1] 
