implementation <8,8>
range [1,-1]
states = 7;
inputs = 1;
outputs = 1;
A = [6.9247,-2.5689,2.1179,-1.0477,0.62192,-0.41022,0.23194;8,0,0,0,0,0,0;0,2,0,0,0,0,0;0,0,2,0,0,0,0;0,0,0,1,0,0,0;0,0,0,0,0.5,0,0;0,0,0,0,0,0.25,0] 
B = [0.0039062;0;0;0;0;0;0] 
C = [0.0032933,-0.0015691,0.00090345,5.9383e-05,-0.00050952,0.00075567,-0.00072054] 
D = [0] 
inputs = [1,-1] 
