implementation <8,8>
range [1,-1]
states = 9;
inputs = 1;
outputs = 1;
A = [1.9074,-1.1002,0.94978,-0.69169,0.4293,-0.21007,0.18079,-0.1152,0.17774;2,0,0,0,0,0,0,0,0;0,1,0,0,0,0,0,0,0;0,0,1,0,0,0,0,0,0;0,0,0,1,0,0,0,0,0;0,0,0,0,1,0,0,0,0;0,0,0,0,0,0.5,0,0,0;0,0,0,0,0,0,0.5,0,0;0,0,0,0,0,0,0,0.125,0] 
B = [0.25;0;0;0;0;0;0;0;0] 
C = [0.00296,0.052478,0.19369,0.14433,0.013366,0.0022535,0.001854,-0.00087103,-0.0001678] 
D = [0] 
inputs = [1,-1] 
