implementation <8,8>
range [1,-1]
states = 9;
inputs = 1;
outputs = 1;
A = [6.424,-2.3739,2.1185,-1.2574,1.0295,-0.58132,0.21833,-0.099009,0.082649;8,0,0,0,0,0,0,0,0;0,2,0,0,0,0,0,0,0;0,0,2,0,0,0,0,0,0;0,0,0,1,0,0,0,0,0;0,0,0,0,1,0,0,0,0;0,0,0,0,0,1,0,0,0;0,0,0,0,0,0,0.5,0,0;0,0,0,0,0,0,0,0.125,0] 
B = [0.0078125;0;0;0;0;0;0;0;0] 
C = [0.0006277,0.0029058,0.0039745,-0.0013446,-0.000788,0.00085065,-0.00011484,-7.373e-05,4.0926e-06] 
D = [0] 
inputs = [1,-1] 
