implementation <8,8>
range [1,-1]
states = 8;
inputs = 1;
outputs = 1;
A = [6.5864,-4.73,1.9348,-0.98595,0.64086,-0.2594,0.11954,-0.096025;4,0,0,0,0,0,0,0;0,4,0,0,0,0,0,0;0,0,2,0,0,0,0,0;0,0,0,1,0,0,0,0;0,0,0,0,1,0,0,0;0,0,0,0,0,0.5,0,0;0,0,0,0,0,0,0.125,0] 
B = [2;0;0;0;0;0;0;0] 
C = [0.83814,-1.1857,0.71615,-0.47894,0.3832,-0.18358,0.09767,-0.089268] 
D = [0] 
inputs = [1,-1] 
