implementation <8,8>
range [1,-1]
states = 9;
inputs = 1;
outputs = 1;
A = [8.9544,-4.4546,2.5854,-1.9294,0.95987,-0.63674,0.54307,-0.2702,0.239;8,0,0,0,0,0,0,0,0;0,4,0,0,0,0,0,0,0;0,0,2,0,0,0,0,0,0;0,0,0,2,0,0,0,0,0;0,0,0,0,1,0,0,0,0;0,0,0,0,0,0.5,0,0,0;0,0,0,0,0,0,0.5,0,0;0,0,0,0,0,0,0,0.125,0] 
B = [4.7684e-07;0;0;0;0;0;0;0;0] 
C = [5.5796e-08,1.5849e-07,-4.7782e-08,-8.157e-08,7.9134e-08,-3.099e-08,-2.9265e-08,3.3914e-08,1.277e-08] 
D = [0] 
inputs = [1,-1] 
