implementation <8,8>
range [1,-1]
states = 7;
inputs = 1;
outputs = 1;
A = [6.8489,-2.5132,2.0497,-1.0031,0.58919,-0.38456,0.21518;8,0,0,0,0,0,0;0,2,0,0,0,0,0;0,0,2,0,0,0,0;0,0,0,1,0,0,0;0,0,0,0,0.5,0,0;0,0,0,0,0,0.25,0] 
B = [0.0078125;0;0;0;0;0;0] 
C = [0.0067729,-0.0030726,0.0016178,0.00022863,-0.0010316,0.0014254,-0.0012967] 
D = [0] 
inputs = [1,-1] 
