implementation <8,8>
range [1,-1]
states = 8;
inputs = 1;
outputs = 1;
A = [7.6805,-3.2256,1.5479,-0.92843,0.71268,-0.34187,0.18739,-0.17973;8,0,0,0,0,0,0,0;0,4,0,0,0,0,0,0;0,0,2,0,0,0,0,0;0,0,0,1,0,0,0,0;0,0,0,0,1,0,0,0;0,0,0,0,0,0.5,0,0;0,0,0,0,0,0,0.125,0] 
B = [1;0;0;0;0;0;0;0] 
C = [0.34668,-0.29027,0.2083,-0.16607,0.15887,-0.091179,0.058141,-0.063552] 
D = [0] 
inputs = [1,-1] 
