implementation <8,8>
range [1,-1]
states = 8;
inputs = 1;
outputs = 1;
A = [5.5403,-3.3211,2.2485,-0.93933,0.49537,-0.32169,0.11746,-0.073766;4,0,0,0,0,0,0,0;0,2,0,0,0,0,0,0;0,0,2,0,0,0,0,0;0,0,0,1,0,0,0,0;0,0,0,0,0.5,0,0,0;0,0,0,0,0,0.5,0,0;0,0,0,0,0,0,0.125,0] 
B = [4;0;0;0;0;0;0;0] 
C = [0.80792,-0.94532,0.93329,-0.5032,0.32001,-0.24103,0.10105,-0.07564] 
D = [0] 
inputs = [1,-1] 
