implementation <8,8>
range [1,-1]
states = 3;
inputs = 1;
outputs = 1;
A = [2.9702,-1.4703,0.48522;2,0,0;0,1,0] 
B = [0.00024414;0;0] 
C = [8.4696e-05,0.00016813,4.1718e-05] 
D = [0] 
inputs = [1,-1] 
