implementation <8,8>
range [1,-1]
states = 8;
inputs = 1;
outputs = 1;
A = [2.1367,-0.93121,0.40868,-0.18243,0.079967,-0.031022,0.016188,-0.0089465;2,0,0,0,0,0,0,0;0,1,0,0,0,0,0,0;0,0,0.5,0,0,0,0,0;0,0,0,0.25,0,0,0,0;0,0,0,0,0.125,0,0,0;0,0,0,0,0,0.03125,0,0;0,0,0,0,0,0,0.0078125,0] 
B = [8;0;0;0;0;0;0;0] 
C = [1.4874,-1.2555,0.82551,-0.5381,0.41321,-0.32305,-0.84838,-0.70995] 
D = [0] 
inputs = [1,-1] 
