implementation <8,8>
range [1,-1]
states = 8;
inputs = 1;
outputs = 1;
A = [4.1268,-1.8035,0.86672,-0.49754,0.34668,-0.14193,0.061825,-0.043532;4,0,0,0,0,0,0,0;0,2,0,0,0,0,0,0;0,0,1,0,0,0,0,0;0,0,0,0.5,0,0,0,0;0,0,0,0,0.5,0,0,0;0,0,0,0,0,0.25,0,0;0,0,0,0,0,0,0.0625,0] 
B = [4;0;0;0;0;0;0;0] 
C = [1.5028,-1.2836,0.89825,-0.6566,0.52539,-0.2186,0.089673,-0.13619] 
D = [0] 
inputs = [1,-1] 
