implementation <8,8>
range [1,-1]
states = 7;
inputs = 1;
outputs = 1;
A = [3.8935,-1.7088,0.87775,-0.56968,0.23382,-0.11272,0.099574;4,0,0,0,0,0,0;0,2,0,0,0,0,0;0,0,1,0,0,0,0;0,0,0,1,0,0,0;0,0,0,0,0.5,0,0;0,0,0,0,0,0.125,0] 
B = [0.25;0;0;0;0;0;0] 
C = [0.16579,0.017986,-0.051382,0.03485,-0.010863,0.001424,0.00074408] 
D = [0] 
inputs = [1,-1] 
