implementation <8,8>
range [1,-1]
states = 3;
inputs = 1;
outputs = 1;
A = [2.4644,-1.0088,0.54881;2,0,0;0,0.5,0] 
B = [0.03125;0;0] 
C = [0.0045962,0.0079218,0.0034049] 
D = [0] 
inputs = [1,-1] 
