implementation <8,8>
range [1,-1]
states = 7;
inputs = 1;
outputs = 1;
A = [6.2276,-2.0843,1.5553,-0.69857,0.37778,-0.22775,0.11809;8,0,0,0,0,0,0;0,2,0,0,0,0,0;0,0,2,0,0,0,0;0,0,0,1,0,0,0;0,0,0,0,0.5,0,0;0,0,0,0,0,0.25,0] 
B = [0.0625;0;0;0;0;0;0] 
C = [0.025781,-0.0076105,0.00083244,0.0025878,-0.0030208,0.0026469,-0.001673] 
D = [0] 
inputs = [1,-1] 
